35
38
43
108
111
112
121
122
123
124
128
132
136
148
159
161
170
197
206
222
230
245
253
285
293
298
302
308
339
349
355
357
372
374
388
393
419
429
504
516
521
528
530
542
543
545
546
569
586
587
593
608
615
625
626
633
642
645
650
666
676
701
713
722
729
733
768
770
787
792
798
817
831
833
843
855
856
857
859
864
869
874
878
880
887
907
926
927
930
965
968
969
970
997
1003
1005
1008
1012
1044
1058
1067
1086
1090
1095
1103
1115
1122
1132
1151
1152
1153
1179
1183
1187
1191
1205
1207
1211
1221
1223
1226
1230
1234
1241
1256
1257
1272
1286
1287
1298
1313
1330
1337
1339
1352
1353
1354
1358
1360
1371
1374
1384
1390
1404
1411
1414
1415
1416
1420
1436
1439
1443
1444
1451
1463
1469
1476
1525
1543
1544
1547
1550
1571
1578
1597
1600
1601
1620
1652
1659
1665
1668
1670
1684
1685
1705
1710
1715
1719
1730
1743
1744
1764
1769
1776
1780
1781
1801
1815
1820
1830
1850
1852
1863
1865
1874
1879
1892
1894
1895
1909
1916
1924
1928
1930
1938
1939
1956
1959
1961
1962
1970
1985
1993
2007
2014
2028
2036
2042
2065
2068
2071
2074
2117
2122
2128
2131
2141
2142
2145
2162
2175
2185
2189
2191
2194
2200
2212
2228
2233
2246
2254
2258
2290
2297
2301
2302
2320
2334
2336
2339
2364
2371
2389
2410
2414
2436
2447
2457
2462
2467
2476
2486
2529
2538
2541
2547
2593
2594
2620
2625
2627
2632
2661
2667
2669
2671
2681
2683
2696
2697
2702
2741
2754
2759
2767
2769
2790
2797
2814
2817
2820
2827
2834
2835
2837
2839
2844
2854
2856
2860
2864
2870
2878
2881
2889
2901
2924
2926
2928
2934
2941
2949
2960
2977
2980
3010
3018
3040
3045
3048
3072
3075
3076
3096
3101
3123
3131
3142
3174
3197
3200
3216
3232
3249
3251
3258
3281
3297
3327
3334
3351
3352
3356
3358
3366
3367
3374
3397
3415
3424
3468
3492
3524
3544
3548
3562
3618
3639
3657
3680
3692
3702
3729
3730
3735
3757
3762
3783
3788
3801
3802
3834
3840
3861
3886
3892
3894
3907
3909
3922
3930
3953
3954
3968
3974
3975
3990
4021
4025
4031
4032
4039
4055
4062
4078
4089
4098
4120
4152
4153
4183
4194
4197
4209
4213
4224
4225
4232
4233
4273
4295
4300
4303
4308
4332
4335
4343
4356
4371
4377
4378
4415
4417
4432
4473
4490
4501
4503
4511
4518
4531
4585
4593
4605
4614
4626
4651
4661
4664
4665
4670
4672
4689
4707
4710
4730
4741
4745
4757
4759
4778
4787
4793
4810
4815
4819
4839
4843
4881
4902
4909
4915
4940
4972
4974
4982
4985
4989
4997
5006
5023
5035
5038
5042
5065
5072
5082
5111
5122
5146
5166
5176
5239
5240
5254
5255
5283
5291
5293
5309
5311
5319
5321
5328
5340
5378
5380
5405
5407
5409
5424
5425
5438
5444
5445
5446
5461
5472
5475
5486
5498
5504
5520
5522
5526
5538
5546
5560
5564
5573
5602
5603
5604
5606
5612
5630
5635
5637
5642
5644
5645
5648
5649
5672
5682
5687
5707
5712
5720
5736
5745
5750
5756
5758
5764
5774
5784
5790
5801
5821
5834
5840
5842
5844
5859
5867
5870
5880
5903
5906
5912
5925
5945
5947
5953
5965
5971
5972
5975
5980
5982
5985
5991
6013
6015
6016
6026
6045
6060
6061
6062
6064
6069
6073
6075
6078
6092
6101
6107
6113
6120
6128
6157
6172
6198
6199
6213
6235
6241
6243
6244
6277
6294
6310
6332
6379
6380
6388
6391
6407
6410
6414
6418
6422
6428
6435
6438
6443
6452
6453
6455
6458
6464
6474
6478
6481
6484
6485
6492
6497
6498
6525
6566
6591
6593
6597
6608
6618
6636
6650
6651
6653
6654
6657
6662
6667
6675
6678
6696
6700
6709
6716
6732
6744
6751
6768
6780
6798
6806
6815
6845
6861
6862
6873
6888
6896
6898
6900
6907
6911
6921
6925
6942
6944
6954
6964
6971
7005
7022
7024
7027
7031
7032
7040
7045
7047
7052
7061
7085
7097
7102
7104
7124
7135
7142
7150
7155
7158
7170
7173
7185
7195
7203
7217
7218
7233
7249
7251
7260
7272
7289
7299
7309
7311
7337
7342
7345
7360
7372
7376
7382
7384
7388
7405
7409
7414
7424
7437
7451
7462
7466
7472
7477
7481
7483
7510
7538
7540
7548
7549
7565
7598
7603
7615
7621
7622
7625
7640
7643
7660
7662
7670
7678
7696
7703
7706
7707
7733
7742
7744
7749
7750
7752
7778
7797
7803
7810
7816
7825
7837
7839
7841
7857
7858
7869
7887
7894
7917
7921
7932
7937
7939
7963
7970
7978
8009
8010
8025
8049
8057
8069
8083
8085
8087
8088
8089
8093
8094
8107
8112
8122
8129
8144
8178
8181
8184
8187
8203
8209
8238
8246
8256
8265
8279
8287
8289
8298
8299
8341
8342
8352
8371
8378
8389
8391
8396
8416
8421
8433
8438
8449
8481
8493
8503
8519
8529
8535
8576
8579
8593
8594
8599
8607
8610
8614
8616
8631
8642
8644
8646
8664
8676
8685
8702
8703
8707
8711
8739
8740
8750
8751
8753
8756
8765
8770
8792
8814
8823
8844
8853
8863
8873
8879
8884
8897
8901
8927
8929
8932
8936
8942
8962
8970
8971
8991
8994
8995
8997
9011
9014
9022
9030
9037
9047
9059
9064
9086
9095
9096
9112
9118
9123
9128
9137
9148
9165
9174
9214
9222
9232
9234
9244
9273
9275
9279
9288
9298
9305
9307
9311
9312
9316
9317
9323
9324
9331
9339
9341
9360
9370
9411
9426
9441
9450
9452
9468
9469
9489
9494
9495
9499
9519
9529
9537
9538
9539
9540
9541
9544
9546
9557
9561
9586
9593
9600
9613
9634
9647
9654
9655
9656
9668
9669
9681
9700
9701
9703
9705
9717
9723
9732
9754
9764
9778
9786
9788
9794
9805
9818
9824
9831
9836
9838
9844
9866
9878
9883
9897
9904
9912
9925
9933
9955
9956
9969
9974
9984
9990
9991
