10005
10173
10188
10250
10294
10495
10538
10566
10590
10627
10682
10779
10911
10932
11078
11108
11274
11277
11444
11472
11566
11599
11729
11796
11857
12003
12151
12208
12418
12597
12684
12795
12896
12992
13016
13072
13076
13193
13269
13349
13558
13667
13717
13718
13766
13826
13830
13876
13915
13943
14051
14053
14108
14208
14234
14439
14803
14819
15002
15285
15405
15447
15521
15597
15603
15649
15655
15998
16012
16190
16232
16246
16344
16371
16404
16534
16734
16747
16751
16814
16866
16882
16943
16981
17045
17082
17273
17353
17401
17409
17444
17483
17592
17665
17695
17832
18016
18093
18162
18186
18255
18264
18269
18365
18411
18435
18468
18564
18572
18592
18593
18656
18743
18748
18809
18872
18888
18904
19085
19104
19171
19196
19510
19515
19518
19869
19891
19956
20020
20110
20393
20494
20517
20626
20831
21022
21152
21177
21253
21308
21312
21382
21540
21665
21872
21885
21906
21945
22013
22145
22271
22370
22423
22454
22497
23010
23099
23202
23414
23566
23579
23591
23631
23693
23708
23715
23729
23732
23867
23927
24063
24070
24130
24150
24232
24284
24497
24508
24587
24851
24890
24931
24987
25031
25045
25076
25083
25257
25261
25352
25450
25588
25864
26056
26115
26192
26387
26412
26469
26529
26552
26701
26833
26848
26961
26996
27027
27054
27065
27222
27277
27352
27360
27406
27429
27554
27657
27737
27747
27775
27818
27861
27985
28001
28004
28383
28426
28470
28551
28602
28608
28863
28959
29164
29166
29192
29244
29290
29398
29409
29443
29508
29544
29612
29757
29860
29886
30000
30113
30243
30767
30920
31006
31247
31252
31260
31481
31531
31697
31800
31865
32641
32754
32775
32884
32971
33013
33141
33267
33466
33541
33625
33703
33800
33810
33929
33997
34012
34029
34098
34137
34138
34172
34219
34235
34361
34430
34574
34673
34723
34849
34871
34923
35055
35160
35182
35251
35256
35323
35451
35568
35634
35664
35774
35802
35843
35890
35936
35992
36097
36130
36244
36330
36350
36375
36379
36434
36476
36477
36715
36749
36885
37139
37155
37189
37256
37382
37486
37488
37544
37556
37621
37781
37834
38115
38188
38215
38225
38233
38242
38425
38701
38763
39023
39026
39065
39114
39330
39393
39401
39454
39470
39481
39683
39930
39985
40058
40083
40105
40120
40319
40499
40564
40639
40654
40685
40692
40716
40738
40746
40754
40758
40847
40992
41278
41347
41425
41539
41572
41787
41915
41926
41929
42118
42164
42165
42176
42237
42287
42438
42452
42479
42791
42871
42904
42905
43085
43184
43206
43473
43536
43752
43758
43790
43907
43996
44070
44204
44252
44269
44300
44468
44471
44555
44770
44851
44888
44909
45084
45139
45144
45263
45374
45393
45639
45659
45751
45833
46139
46305
46402
46447
46528
46678
46730
46746
46841
46946
46981
47064
47113
47144
47429
47707
47715
47720
47772
47885
47971
48001
48038
48136
48212
48281
48339
48566
48610
48711
48780
48928
49014
49063
49067
49112
49142
49421
49583
49626
49910
50032
50142
50176
50180
50241
50359
50438
50513
50571
50656
50782
50791
50816
50930
51200
51214
51255
51265
51301
51433
51481
51501
51570
51581
51583
51712
51732
51819
51836
51906
51937
52038
52154
52509
52648
52656
52729
52898
52939
53101
53146
53191
53302
53565
53574
53671
53704
53745
53797
53873
53911
54035
54093
54101
54336
54341
54412
54578
54587
54596
54759
54873
55005
55024
55035
55197
55361
55527
55528
55645
55734
55792
55808
55953
55985
55988
56070
56159
56234
56284
56426
56511
56560
56624
56748
56849
56886
57133
57212
57332
57519
57571
57690
57839
57842
57926
58226
58269
58580
58657
58701
58867
58928
59034
59087
59090
59121
59176
59191
59210
59257
59401
59404
59575
59576
59581
59590
59707
59834
59886
60033
60043
60055
60077
60428
60521
60576
60749
60907
60936
60985
61453
61585
61683
61712
61740
61765
61895
61913
61921
62022
62030
62092
62121
62557
62615
62625
62730
62884
62889
63231
63278
63304
63327
63376
63385
63454
63509
63536
63810
63877
64033
64054
64107
64151
64237
64255
64625
64628
64902
65078
65142
65153
65165
65346
65561
65624
65747
65761
65763
65878
65993
66105
66142
66151
66183
66543
66574
66599
66610
66689
66783
67064
67080
67216
67355
67363
67382
67657
67800
67859
67892
67921
67969
68087
68122
68312
68314
68427
68429
68515
68535
68563
68579
68612
68634
68657
68740
68837
69191
69192
69211
69246
69340
69443
69459
69469
69636
69768
69818
69841
69876
69879
69889
69939
70026
70035
70133
70460
70482
70490
70614
70657
70712
70733
70754
70772
70797
70803
71015
71049
71411
71419
71424
71629
71663
71790
71818
72257
72369
72388
72400
72465
72507
72677
72679
72723
72751
72789
72796
72853
72965
73029
73094
73152
73210
73331
73377
73533
73556
73570
73732
73738
73859
73866
74021
74046
74119
74126
74162
74189
74546
74631
74643
74651
74670
74681
74968
75059
75214
75245
75368
75404
75476
75589
75611
75614
75923
76021
76142
76215
76510
76603
76614
76713
76715
76791
76844
76865
77068
77113
77158
77164
77237
77287
77432
77433
77441
77450
77536
77749
77773
77797
77879
77965
78067
78089
78196
78354
78358
78516
78525
78546
78639
78912
78968
79063
79284
79515
79535
79555
79923
79987
80024
80095
80308
80579
81185
81317
81351
81415
81547
81576
81585
81722
81731
81740
81861
81898
81949
82027
82063
82145
82240
82247
82766
82792
82932
83200
83263
83294
83298
83365
83367
83496
83599
83683
83771
83782
83823
84124
84614
84750
84756
84816
84871
85010
85032
85105
85154
85228
85276
85301
85615
85806
85920
85963
86300
86332
86376
86445
86619
86632
87218
87241
87413
87445
87714
87821
88042
88102
88115
88560
88676
88685
88849
88975
89138
89288
89309
89502
89524
89582
89873
90024
90322
90398
90475
90578
90586
90630
90682
90775
90854
90916
90989
91167
91324
91433
91457
91500
91665
91679
91680
91918
91929
92054
92327
92332
92708
92826
92878
92904
92919
92925
92942
93225
93261
93381
93390
93514
93542
93859
93932
93940
94016
94125
94129
94148
94218
94284
94291
94400
94676
94802
94959
95139
95146
95452
95467
95557
95577
95588
95597
95737
95847
95971
95996
96031
96084
96109
96142
96257
96623
96895
96905
96992
97007
97077
97155
97209
97414
97427
97440
97456
97457
97649
97793
97919
97995
98016
98158
98326
98335
98433
98629
99451
99562
99751
99836
99884
