100072
100598
101135
103090
104425
104849
104992
105275
105777
106789
110117
110336
112461
113116
114447
115563
116299
118351
119563
120199
120217
123795
125268
125682
125783
126308
126898
127065
127910
128397
128993
129314
130613
130834
131120
131654
133344
134097
136284
136976
137600
137742
139102
139196
141375
141408
143014
143198
143344
143365
143702
144496
144706
146936
149506
150556
153248
153705
154333
156254
158810
158878
159037
159148
159332
159360
159951
159971
162326
162349
163988
166016
168843
168961
169179
169323
170448
171701
172393
172515
173680
174655
174929
175589
177002
178957
182681
182831
183366
185466
187185
187679
188786
191782
192531
194073
195163
197832
198186
200472
202543
202804
203139
203233
203882
205367
205736
207166
209107
209577
209699
209785
210329
210996
211494
213285
213641
213711
215155
215386
215987
215998
217381
220939
223641
224281
225617
226163
228750
229113
229962
230313
230799
231193
231310
232332
232871
232939
232963
233169
233620
233739
234860
236001
236250
237148
237709
239691
239927
241159
241165
241266
241455
242020
242280
242667
242675
243131
243269
244852
247209
248701
248940
249395
249748
249782
250321
252483
253685
254934
255763
255794
257230
257302
257303
257990
258117
258157
258830
259093
259378
259526
260009
260816
261237
264121
264493
264639
265168
268707
268888
269087
271343
271571
271761
272159
273840
274238
274548
275288
276424
280619
280765
280851
282059
283181
284825
285638
286464
286770
287878
289120
291657
292907
293133
294184
294293
294665
295643
296910
297782
298058
298074
298677
299354
299647
299652
301148
301535
301700
302714
303462
303782
304218
305787
306491
306741
306750
307139
308629
309703
310253
310366
310890
311009
312381
312583
313262
313728
313954
316389
316447
316658
316742
317457
317872
318129
320236
320379
320656
322709
324289
324467
324840
324927
327657
328664
330991
331151
332241
335090
336439
336543
336601
336847
338041
338567
339904
340784
341045
343059
344452
344482
347485
349114
356346
356991
357265
357789
358088
358952
360318
360892
361111
363141
364746
365900
367365
367798
368656
369401
369581
369899
369913
370881
371557
372889
374041
374571
375641
376729
377776
377899
378068
379489
380289
380732
381080
381255
382232
382725
383569
383692
384338
386589
388289
389684
390211
391369
393687
395273
395334
395414
402286
403335
403486
403897
407373
407750
409381
410086
410694
412567
412700
413364
414633
415358
415476
416599
418957
419617
420559
424416
424459
424485
424863
424958
426515
428323
428376
429845
430324
431297
431967
432951
433335
433671
435222
435489
435641
436947
437231
440320
441632
442511
445313
445487
445646
446877
447868
448163
449073
450503
450910
451883
452079
452376
452921
453168
453682
453845
454545
454582
455261
458500
458963
459357
459521
460546
461036
461310
464405
464781
465891
466801
467386
467390
468075
468709
469656
470337
470882
473160
474840
477140
477491
478780
482642
483797
485312
485486
486181
486355
488839
489493
491018
491321
491754
492239
494676
495138
495577
495884
497138
499441
499786
500042
501152
503031
503313
505297
505750
506590
508507
509893
511444
511457
513742
514711
515442
516725
518036
519491
519542
520733
521030
523912
524520
525458
525682
526349
526825
527333
527461
528738
529772
530250
530521
530632
530741
531233
531238
531894
532516
533619
533916
536872
537418
537719
539261
540352
542270
543202
544351
544965
545828
547674
549411
550758
551032
551759
552043
557317
557734
558099
558425
559030
560098
561842
562202
562423
567366
567852
568858
569486
569607
569609
569882
571817
572659
573956
573967
575198
575300
577699
577813
577907
581849
583030
583375
583539
583616
583680
583802
584385
586108
586905
588651
589489
589536
589706
590226
590439
591467
592503
593617
594074
595006
595907
596690
598103
601149
602690
603751
604332
604351
607065
607293
607623
608709
609773
609781
609831
610385
610502
611951
612665
613814
614541
615279
621029
621547
622177
622599
622821
623389
624523
627453
627503
627742
628804
628991
630042
630417
630698
631492
631682
632404
633777
634732
635459
635756
636175
636488
637477
637775
638186
639857
639919
640217
640599
640661
640734
641205
641936
641963
642194
642716
644808
646933
649383
649600
650687
650896
651878
656056
658791
660034
660287
661393
662744
665846
666211
666703
666883
667124
667226
667704
668016
668968
669035
669152
669547
671293
671487
673165
674764
674841
675010
675326
676045
676099
676385
677281
677690
677809
677859
677867
678439
680769
681189
682681
685592
686653
686893
689930
690106
691006
693304
693308
694117
695056
696925
697538
697614
698273
698775
699089
700087
700879
701006
704635
704922
705019
705037
705220
706020
706280
706994
707483
707611
708846
709241
709355
711555
711760
712160
712299
712512
713136
713219
714198
714496
716006
716090
717137
717531
717736
718490
719332
719732
721661
721814
722926
723320
725685
725892
725943
728771
729338
729510
729745
729936
730321
731022
731281
731997
732034
732366
733046
733734
734106
734170
734697
734977
735446
735546
735602
736042
736779
737014
739054
739517
739793
740315
741206
742170
742173
742413
742456
742874
743593
743783
744593
745704
746023
747684
747879
749318
750071
750095
750588
750981
752556
754528
758162
763072
763539
764579
765265
766341
766754
769731
770577
770856
770906
771788
774498
775216
776008
776681
777177
777352
778937
779242
779419
779643
779969
780128
780607
781615
781864
782076
782799
783422
783437
783468
783483
784494
786054
791290
791353
791760
792727
794527
794555
795586
795948
796375
800184
801647
801648
802207
805735
809135
810101
810178
810320
812492
812588
813445
814199
814321
814725
816545
818171
819448
819987
820042
820627
820746
821242
821486
824477
828245
830483
830560
831028
831429
832713
833749
834917
835227
835964
836547
837533
838885
839571
841590
843883
844069
844308
844455
845607
846075
849028
850406
851002
852694
854415
855742
856103
856623
859941
860225
860306
860732
862007
862026
862271
862645
863882
868100
868325
868861
869349
872424
872595
873118
873684
876196
878705
878962
879463
879957
880360
880557
882026
882374
883771
884733
885282
886042
887718
888559
890490
891823
892136
895795
895869
896380
897118
898246
898829
898927
899236
899669
900710
900871
900970
901700
902859
903498
904091
904874
906545
906717
906755
908624
909422
911444
911448
912357
914291
915819
918897
919809
920115
920625
922145
923686
925153
927326
929745
929889
929966
930721
931003
931107
931665
931749
932072
932272
932689
933339
935056
935735
936417
937688
938110
938145
938424
938528
938650
939313
940593
940712
941538
942420
943387
944049
944472
944837
946682
948033
948365
948482
949042
949278
949676
950804
951556
953499
956415
957654
958432
958738
959071
960600
962810
963043
963741
963781
964221
964739
965157
965179
965493
965955
966936
967936
970084
971657
972499
972925
973100
973382
975059
975488
975544
976381
976559
976560
977293
977780
979564
981729
982205
982326
983536
983680
984866
985368
985979
989366
991607
993472
995432
996167
997428
