1003525
1013421
1013599
1020508
1036153
1068161
1069164
1069945
1070408
1071935
1072602
1072718
1084229
1085224
1091681
1101737
1107583
1111981
1131233
1132315
1145980
1153090
1153170
1156333
1165307
1170197
1171598
1173265
1175939
1180709
1204469
1207562
1209072
1215764
1218635
1218788
1238464
1244922
1259789
1264213
1264536
1268635
1278705
1291402
1308389
1311392
1314534
1317282
1319035
1326992
1330457
1345267
1350482
1355723
1377724
1380753
1387568
1396632
1397964
1399640
1404374
1423390
1428402
1438893
1460083
1465588
1477868
1493703
1502763
1517241
1517484
1517781
1519917
1525260
1530960
1564070
1567545
1572875
1580005
1584975
1604971
1625836
1630724
1632195
1641167
1643528
1648296
1659711
1661203
1673434
1675579
1678503
1693468
1713793
1737104
1756377
1757402
1768105
1780882
1786479
1789648
1799031
1805992
1811227
1816375
1821871
1835132
1855914
1861470
1885858
1915709
1934073
1940923
1951548
1954644
1958795
1998582
2001751
2002249
2002351
2011024
2013721
2017372
2060562
2079722
2088968
2094262
2095655
2100355
2103088
2114050
2115012
2120749
2121480
2131492
2156896
2178686
2197752
2220392
2226198
2252952
2264716
2299976
2300345
2303668
2304512
2311641
2322497
2323323
2332457
2341549
2342984
2361443
2375848
2376702
2388296
2402435
2424727
2427963
2430547
2453423
2466993
2484175
2502651
2507298
2510499
2528145
2542543
2558597
2558882
2558951
2580342
2607010
2615232
2617484
2632536
2650952
2656052
2661199
2662047
2684520
2689492
2724124
2730365
2730666
2732145
2738806
2739866
2740633
2746490
2750456
2752897
2766949
2777579
2778139
2791705
2801100
2812823
2815650
2817724
2837011
2838673
2865083
2877887
2878264
2889367
2890958
2896048
2903114
2903371
2908850
2910145
2951653
2958470
2961487
3019362
3042570
3052178
3077394
3097200
3107154
3111364
3116166
3128143
3133835
3156569
3165992
3167332
3170400
3200271
3208380
3225418
3234920
3244733
3245979
3246189
3261494
3273515
3273524
3283342
3293518
3305269
3309025
3313965
3337969
3346837
3351581
3372917
3391127
3397737
3401662
3402965
3417490
3425546
3430146
3435681
3440079
3446774
3457242
3466498
3469986
3479772
3481201
3482377
3499414
3501957
3525251
3530210
3542203
3554896
3566781
3567965
3568759
3593534
3634384
3649504
3667782
3670074
3679290
3696258
3696274
3703459
3706308
3708225
3715796
3717176
3723334
3739762
3747856
3787333
3792154
3793706
3795676
3796186
3813371
3819569
3832893
3840563
3869697
3874305
3875261
3878934
3888721
3893916
3920307
3943153
3986440
4016455
4017257
4032124
4033554
4039476
4042683
4070297
4070427
4135379
4201499
4203121
4246356
4295284
4328353
4332589
4366142
4392630
4412226
4455138
4469693
4491638
4492009
4492184
4495518
4540384
4544830
4559480
4569462
4569562
4573764
4574333
4577353
4577859
4585143
4594502
4597370
4598985
4603107
4604465
4604466
4606231
4630865
4633162
4641999
4646814
4653047
4655120
4655306
4657226
4660192
4667726
4668701
4668859
4672764
4674345
4680433
4691410
4695020
4695446
4699396
4702671
4702880
4716993
4719855
4724268
4727950
4729845
4732499
4745131
4745254
4746366
4753689
4759870
4770325
4773158
4775917
4777701
4784703
4790311
4795439
4803758
4803913
4804775
4805591
4813342
4821424
4827871
4831178
4836891
4838627
4850236
4850539
4863575
4870422
4872206
4872503
4881349
4881359
4884594
4885014
4888920
4919244
4921681
4931294
4934143
4948974
4950542
4954028
4955401
4961510
4961835
4963816
4966624
4969451
4974351
4975609
4977172
4984213
4985473
4986257
4996497
5002135
5006574
5007069
5010022
5010685
5016920
5017570
5018453
5021703
5024616
5024767
5025804
5032004
5040338
5046271
5047920
5049203
5057264
5062362
5075163
5080429
5085157
5087087
5089604
5092764
5092912
5101966
5105780
5109288
5113545
5119400
5123325
5128378
5135224
5136438
5137387
5138521
5143655
5153694
5162524
5162727
5168546
5175333
5179824
5180169
5181875
5184486
5185619
5188755
5200052
5201940
5203834
5204883
5205654
5209113
5221021
5225756
5229241
5231926
5240480
5243898
5244285
5246189
5252284
5255561
5259599
5281108
5281612
5286392
5288407
5292739
5292968
5294411
5294578
5297552
5299869
5301552
5302203
5309282
5313189
5314447
5315947
5318101
5318596
5326542
5329173
5332218
5334551
5341918
5343538
5343615
5346530
5349499
5350529
5352005
5353149
5355494
5357232
5360269
5362301
5363540
5371071
5374474
5380251
5380287
5381271
5383858
5387012
5393822
5408653
5411694
5415199
5415259
5417881
5422031
5429600
5430578
5434464
5436309
5437800
5439116
5444383
5447646
5448676
5453405
5454610
5457215
5459143
5459151
5464081
5464626
5470578
5473424
5477200
5482551
5483533
5485918
5486745
5486770
5490342
5496482
5501041
5505466
5506824
5516024
5516180
5517697
5519682
5523237
5527113
5528646
5533867
5546949
5552913
5559801
5560174
5566349
5567479
5569028
5585925
5590724
5600107
5611651
5614156
5616645
5618403
5620125
5630489
5636181
5637735
5641856
5649861
5654556
5661455
5698630
5707872
5709748
5717015
5717459
5724925
5732167
5732917
5740026
5772902
5785956
5802956
5823671
5840923
5846093
5866773
5873505
5881816
5882892
5884688
5917965
5928285
5936942
5951858
5972251
5981443
6001215
6004243
6033025
6045043
6054843
6058129
6067226
6076974
6078325
6097047
6111364
6130821
6140131
6140742
6141543
6167277
6214525
6227192
6230077
6233882
6235193
6245211
6248762
6255420
6282463
6290521
6308475
6309263
6325953
6331398
6331958
6339596
6345871
6360346
6360437
6369007
6370069
6374342
6393120
6396966
6399228
6400828
6419096
6421827
6423871
6427664
6432546
6443578
6445531
6448497
6459147
6478178
6480871
6487341
6496487
6514744
6527395
6527492
6532126
6537125
6545466
6546405
6556491
6566028
6567364
6568516
6570594
6573474
6591147
6593760
6596243
6618245
6618987
6628820
6629776
6630424
6636653
6642481
6645699
6647382
6649841
6655360
6663338
6668283
6672620
6673081
6673309
6690368
6701681
6705662
6710747
6713772
6719926
6721469
6722993
6723257
6733908
6745470
6751348
6751901
6755134
6758608
6762728
6764577
6767669
6783025
6784890
6789889
6792088
6794121
6797413
6798166
6799544
6802365
6807873
6812516
6814699
6823275
6825156
6828031
6828434
6839175
6849193
6900029
6902589
6923055
6926014
6935786
6939782
6945397
6946617
6957832
6963131
6963774
6964773
6970934
6971804
6974993
6984029
6996094
7020632
7022885
7029791
7030006
7036335
7038729
7045709
7050660
7066265
7069799
7072622
7072953
7073724
7079643
7087139
7092853
7096476
7100947
7101550
7106251
7107168
7110549
7116867
7130776
7134816
7142702
7147807
7148029
7148792
7157933
7162319
7166428
7177800
7179261
7180576
7181716
7189945
7191042
7192053
7196889
7197195
7201891
7202184
7209412
7229746
7231004
7235521
7241526
7251416
7254778
7257356
7257957
7262416
7267120
7270699
7279838
7283168
7290686
7291790
7296855
7297463
7299515
7301514
7303983
7304502
7315158
7317440
7323582
7323702
7324695
7327097
7334784
7337818
7338886
7339457
7342469
7344361
7344599
7347920
7357333
7358366
7359743
7367288
7369391
7371492
7374680
7375573
7377408
7379726
7381164
7384097
7385613
7390386
7396099
7398219
7398331
7402702
7404852
7408017
7408348
7409154
7409551
7410384
7411121
7413431
7417170
7417494
7429079
7432649
7440959
7441871
7456031
7457094
7458395
7487143
7492855
7495505
7499852
7515557
7524747
7534522
7539144
7551060
7573122
7590476
7590618
7591180
7593818
7594766
7607778
7614623
7635058
7643542
7644388
7644915
7647283
7652559
7672424
7673706
7680074
7680489
7685957
7697129
7699349
7703989
7704751
7708294
7709831
7715554
7720487
7721442
7727563
7733972
7735990
7737484
7753374
7755154
7772861
7780979
7781554
7799774
7807447
7808754
7810700
7820464
7820979
7823197
7823981
7839265
7848833
7849211
7849329
7852249
7867354
7868301
7869551
7870360
7871860
7873584
7873589
7888179
7890797
7894284
7897284
7898839
7899828
7908771
7913832
7920560
7923383
7941487
7953054
7955563
7955793
7956006
7964630
7965804
7967374
7971169
7972432
7974545
7974659
7982644
7988814
7995495
7996263
7999218
8002399
8012539
8021171
8027215
8032807
8037503
8040805
8047792
8048904
8050456
8051549
8055259
8057447
8057769
8070124
8074508
8075405
8076193
8077746
8963963
9048818
9185318
9345876
9395067
9563756
