10268796
10284097
10439015
10446002
10491105
10569199
10638513
10709285
10809674
10826863
10844115
10858221
10870402
11058555
11104425
11156633
11222967
11226201
11232736
11234693
11265936
11271052
11316213
11392832
11395479
11515559
11516618
11606570
11646016
11667565
11681304
11703235
11722624
11732491
11746840
11754340
11773576
11776067
11808676
11854982
11916225
11935495
11965969
11966416
11974658
11974766
11976005
11980687
12036496
12061810
12063453
12067961
12084019
12120461
12133405
12134700
12217644
12329285
12336198
12427461
12433249
12453918
12513514
12584209
12723448
12735153
12757290
12760414
12785889
12796818
12831138
12858184
12879876
12958150
12974077
13085530
13101476
13130343
13220850
13248012
13260393
13323060
13371149
13372047
13408422
13423349
13453031
13468850
13489389
13499984
13503702
13522959
13527946
13531455
13531974
13533457
13535658
13557061
13557451
13561896
13562051
13563911
13584464
13600014
13602042
13624198
13652800
13770476
13776040
13804141
13848163
13905675
13997722
13999358
14010764
14034296
14172184
14252245
14340031
14425007
14502713
14511869
14566100
14589668
14679043
14679258
14679294
14688703
14689583
14691812
14691908
14700159
14704969
14705458
14713178
14715423
14747067
14803768
14804386
14818406
14819179
14825919
14828344
14835284
14837100
14843029
14848144
14861560
14865150
14875152
14882765
14883996
14892429
14932685
14945289
14945539
14948686
14950469
15020896
15031946
15036515
15044185
15059258
15070449
15091166
15117103
15130104
15177197
15197335
15203983
15209082
15221689
15238468
15246278
15261128
15261280
15262134
15262299
15264674
15268444
15277958
15303366
15314106
15396337
15431098
15492250
15501579
15504122
15552647
15627452
15635907
15637208
15638460
15638654
15639393
15763250
15774199
15862982
15865384
15879574
15945929
15950015
15980731
15989581
15991056
15992999
15994833
15995067
15997705
16000523
16006462
16007818
16010795
16019625
16025254
16039146
16063313
16065393
16067207
16089396
16090014
16120378
16130328
16136529
16147745
16149219
16150435
16161534
16161700
16185630
16187266
16189580
16190163
16190988
16193034
16194606
16196461
16197163
16197672
16202631
16203652
16203962
16205053
16205672
16206158
16208185
16208631
16210962
16211034
16214093
16214406
16215491
16218678
16223607
16224053
16224393
16228058
16235998
16237019
16238383
16240326
16240932
16250432
16250988
16251305
16252539
16253126
16253765
16255659
16257209
16269023
16302999
16319025
16364896
16390681
16460535
16462115
16462638
16503490
16566686
16567842
16632732
16687518
16727368
16732156
16732465
16738846
16749931
16754084
16765166
16767283
16775009
16782458
16796329
16797022
16798278
16800614
16801756
16820286
16820295
16826560
16833899
16835493
16835661
16837985
16838433
16842939
16843813
16851665
16858098
16858705
16860133
16863599
16870708
16871221
16873816
16875580
16877254
16877348
16877979
16878418
16879894
16883909
16886320
16888144
16889534
16891520
16892220
16892808
16895090
16895316
16895447
16897032
16897468
16902102
16905168
16911258
16911262
16924601
16930447
16943927
16948197
16950037
16952155
16953495
16954108
16956393
16957396
16959093
16963464
16967458
16968569
16970336
16971716
16973697
16975617
16980516
16981243
16982560
16987516
16987612
16988155
16991134
16992958
16993568
16994045
16994211
16994347
16996789
16997032
16997456
16998882
17001297
17001386
17004940
17005823
17011298
17012538
17012880
17016066
17016599
17022803
17029039
17029200
17040592
17046468
17048696
17048904
17057511
17060367
17062427
17071203
17074018
17081051
17083895
17085286
17085630
17086464
17087070
17088486
17089006
17089248
17102561
17103603
17112651
17116172
17118387
17118829
17126891
17128269
17149572
17151735
17153213
17156254
17183110
17192761
17240002
17278915
17279100
17295710
17352697
17380406
17447642
17451921
17484104
17484218
17508798
17511528
17513032
17527074
17626020
17988335
17989614
18015191
18023652
18030068
18035651
18037237
18043669
18043671
18043719
18043935
18044209
18048547
18049019
18054662
18071382
18087000
18098303
18106506
18121227
18126572
18129353
18148103
18149870
18150148
18153978
18157175
18157922
18167805
18206235
18211094
18211221
18289520
18345990
18347935
18348558
18349145
18349827
18350059
18350851
18352359
18354093
18355204
18357204
18357270
18378565
18386953
18388036
18388748
18390480
18393332
18394353
18394851
18434995
18548533
18603062
18618641
18629456
18636671
18688125
18737181
18746642
18749075
18808311
18954454
19059388
19277701
19281674
19282166
19321772
19363583
19364876
19421280
19421589
19428954
19461512
19462171
19518948
19560192
19561480
19568494
19571584
19581738
19585572
19596016
19596121
19597325
19598379
19604624
19605860
19619459
19632237
19646009
19650361
19650497
19663251
19664635
19664784
19668229
19668774
19684170
19757653
19832401
19840127
19842028
19845217
19867614
19870244
19871857
19872749
19872844
19889126
19892802
19893726
19894984
19898600
19903444
19904165
19919976
19922676
19927574
19956412
19956674
19974793
20015176
20046530
20058766
20065182
20085371
20090079
20113754
20195096
20312592
20538675
20573045
20618118
20639249
20640897
20641423
20641671
20642205
20652573
20670748
20671568
20684295
20713369
20714716
20714942
20716499
20718044
20718316
20720373
20739107
20745091
20746324
20750499
20807267
20814603
20814776
20815890
20815922
20817941
20823458
20857978
20861416
20874926
20894793
20895015
20908935
20925194
20949681
20949870
20978140
20979404
20982857
20984357
20985457
20992033
20999099
21000362
21030114
21039554
21043221
21055260
21062909
21067645
21067682
21068758
21071219
21078257
21151542
21151727
21151761
21160875
21189722
21208645
21229434
21263289
21294380
21336208
21452334
21475304
21491204
21492492
21492782
21598379
21601871
21645959
21775819
21847035
21911442
21933504
21973726
21985532
21997662
22006714
22022735
22025954
22033592
22047723
22059056
22062417
22078008
22083986
22095776
22095817
22097912
22277764
22285491
22295796
22336062
22338198
22906969
22912133
22915114
22916991
22977423
23009348
23010454
23039225
23057495
23059857
23062873
23092138
23136756
23306053
23409598
23418596
23647069
23664683
23691952
23707696
23721898
23760913
23761637
23771336
23771993
23806438
23822744
23854257
23879595
23887831
24062076
24178015
24185421
24185505
24188944
24189173
24189452
24190149
24191375
24196465
24204651
24236287
24435808
24534414
24534504
24534829
24551125
24851642
24882680
24885939
24887194
24896795
24907765
24908000
24908060
24929313
24944502
24956171
25036882
25041378
25047650
25053779
25061479
25095145
25096066
25096371
25096372
25096860
25097135
25100715
25112289
25114817
25206445
25219178
25238301
25238592
25241729
25338939
25344361
25348692
25349001
25349150
25566956
25753955
25861291
26211089
26219532
26236521
26251211
26465272
26664059
26705113
26720301
26784631
26847636
26868780
26963148
27019548
27049001
27210411
27461700
27536629
27645862
27704729
27790973
27877375
27893983
27904002
27924727
27935727
27965306
27969786
27975639
27984646
27985598
27986619
27987047
27989155
27996370
28037274
28043642
28056503
28109320
28114311
28124829
28126959
28128064
28129343
28136697
28137123
28147584
28149638
28154818
28185198
28196970
28220159
28223125
28223158
28223484
28311076
28363480
28380533
28404015
28405770
28406324
28406664
28407232
28408895
28419335
28441324
28443626
28452413
28454729
28454782
28457582
28465034
28531453
28595212
28713705
28714423
28730778
28735488
28736656
28741348
28748042
28777512
28834373
28837207
28868294
28872094
28960504
28967775
29032560
29075269
29358464
29421596
29452639
29476082
29561457
29571963
29616981
29829186
29877111
29915363
30064196
30070286
30070695
30111795
30123042
30325822
30590377
30592535
30595281
30602969
30606581
30637932
30639827
30640926
30641620
30642936
30643495
30678463
30682370
30693580
30694392
30707802
30708447
30716913
31190877
31207630
31837643
32656945
33231969
33730539
33825140
33980774
34091262
34370697
34791131
35160663
36844988
36859230
36869926
37250281
37295500
37381935
37437132
37542222
37990992
38251288
38265023
38433614
39045556
39045565
39048030
39052413
39057604
39073394
39073855
39086849
39091051
39337004
39783602
40850427
41187849
41498791
41642316
41732153
41787212
41814695
42048482
42313109
42593837
42610093
42707772
43082593
43789319
44271969
44355671
44733447
45040729
45988221
45996744
47012276
47016132
47138074
47408799
47453194
47485653
47546437
48348883
48724276
48725926
48729340
48731616
48731759
48732680
48733569
48773871
48790590
48803250
48803948
48814392
48815967
48816571
48816825
48817781
48839576
48844013
48861645
48903907
48964885
48965316
48976727
48976900
48976991
48981903
48987727
48998393
48998774
49001398
50196821
50376731
50384331
50414448
50505432
50620214
50910931
51751920
51796318
51955128
52274620
52378125
52447384
52537239
52844159
54621493
55137018
55263730
55316363
55362598
55390262
55394264
55549724
55600646
55604578
55634178
55642310
55643958
55761280
56193734
56539070
56539233
56557697
57308010
60795458
61448010
